NOMINUM 1110121210111111.

10,A.1’.124.

151555, Epod. 5, 11.
158558611111111151154,
ionius, Epod. 16, 19,
,1115τ,,,,6.111446

Isthmius, 6,,1188.
ἶ1111111113116111.154611,
1 144418166511111119.

{v 11555515]

lmus, 6,11,.114 1118· 111,,16618

114421 15318 ,11,811164

56111118, 51111. 1,,2
111558,8.11,14,11·,1.,141.
Ι111651515,Ε.16’.68,
,111,,56111,.15

Ixion, 6, 111, 11. 11, Δ. 1'. 114,
Ἰ1511161156 8111161 8118
1 Ε,1,1,15416,59116.1111’41,155
15558, [1151151]

65861184,

,1511611116
,11ῧῗ,814.148151661
1511511186 11, 1. 18,
1 ,151811158811158111
1565181889,

Julius 68551. [ιι. eman]
1Ju11u21210mmdeum 1118
Ιηὲιὲιιιῂισκϋαιὶ 6,1 12, 411 iv.
sulus Antonius 56 eum, 811. 1.
1ιιιιο,6,1118111,151111,,1818
, 456181811,
,,151ι,115ι·6,1,1 261 1,,119868.
11511141 16,’11111,
’21161 1811618114111,
18· 1.11116.1611111;111
6, 3. 6, 64, 1419 61
111118111 6, 118181

114181911161
88118111 51119118,
611161818,1,166 11691
11,16,1,’18111.8,188111.1,
= 1166111811841181111

18418 11168.
,1551168111411111111
15151155, 6, 1 66, 1,

, 1155111151555151155.
² uberius, 1115115

1102.

461
41
6,
1.
’5.
114.
6,
9,
8,

157

Lacaena, 6, 11 11. 281 1118. 151 lv.
Lassefflssmon, 6,1, 1. 16.
Lacedaemonius, 6, 111, 166,

Lacon, 6. 11, 6, 113 Epod. 6. 6.
Lucanicus, 6, 11, 18. 1,

181155, S. 11 1. 66, 11.

1461118655, (Ulixem 6. 1 16. 111
18β11ἰ”11”5ιι’11ἰἰ1 c. 111. 16, 84,
115ἰέ1555, (Ρ, Valeria) 8 1 6. 12,

1111161111

Lam, (1515151111 A. P. 346.

151815,11,,11111ιιι,16,1,16,8; 86,
156811611111111146,
[v. 1111161]

nmo. 111 11, 1

Lanuvinus, 6, 111, 11, 8,

Laomedon, 61118. 11,

1511118,6.1188111.11,5,

15151611. 33. 41 lv. 1841 1301
1466168611661 1111651 5,
151155181111,
1511185,6111,18111,114,1·1,6
1811115(1,1148,1,,11626Ἐ.1

8,’121”,19 811 ’.11 1141111118
ξξτὶέ, Ε, 11, 16, Latine, 81, 16,
1511551611158185,16111,4,
461686618118141111,
15111111111196,

αἷὲῗῦώ 1181 iii. 18111 11.

1115155161 81, 18.

Laurens, S. ii. 4, 41.

Laverna, Ε. 1 16. 66.

1555651, Ε, 1, 11. 6, ’1,

15686111, 11

Lenaeus, (Bacchus.) 6, 111. 25, 18,

155,6,111,19,19111,1.16.16,

1511655, (Q. AEmillus‚) E. 1 16, 18.

15 1158811111,

Lesbia, Epod. 11, 11,

Lesbius, 6, i. 11, 111 16, 11, 3161
116351 8151184,

Lashom, (1.1, 1. 34.

Lesbos. 11. 1, 11. 1.

 

